[gd_scene load_steps=11 format=2]

[ext_resource path="res://assets/maujoe.camera_control/scripts/camera_control.gd" type="Script" id=1]
[ext_resource path="res://assets/daub2.png" type="Texture" id=2]
[ext_resource path="res://assets/paint_post_processing.shader" type="Shader" id=3]

[sub_resource type="PlaneMesh" id=1]

[sub_resource type="SpatialMaterial" id=2]
albedo_color = Color( 0.643137, 1, 0.6, 1 )

[sub_resource type="SphereMesh" id=3]
radius = 0.5
height = 1.0

[sub_resource type="SpatialMaterial" id=4]
albedo_color = Color( 1, 0, 0, 1 )
roughness = 0.22

[sub_resource type="QuadMesh" id=5]
size = Vector2( 2, 2 )

[sub_resource type="ShaderMaterial" id=6]
shader = ExtResource( 3 )
shader_param/grid = Vector2( 50, 50 )
shader_param/daub_size = Vector2( 0.05, 0.05 )
shader_param/rand_rot = 30.0
shader_param/seed_frame_rate = 6.0
shader_param/paint_daub = ExtResource( 2 )

[sub_resource type="Animation" id=7]
loop = true
tracks/0/type = "value"
tracks/0/path = NodePath("MeshInstance2:translation")
tracks/0/interp = 2
tracks/0/loop_wrap = true
tracks/0/imported = false
tracks/0/enabled = true
tracks/0/keys = {
"times": PoolRealArray( 0, 0.5, 1 ),
"transitions": PoolRealArray( 0.517633, 2.82843, 2.63902 ),
"update": 0,
"values": [ Vector3( 0, 0.529755, 0 ), Vector3( 0, 1.024, 0 ), Vector3( 0, 0.528, 0 ) ]
}

[node name="Spatial" type="Spatial"]

[node name="MeshInstance" type="MeshInstance" parent="."]
mesh = SubResource( 1 )
material/0 = SubResource( 2 )

[node name="MeshInstance2" type="MeshInstance" parent="."]
transform = Transform( 1, 0, 0, 0, 1, 0, 0, 0, 1, 0, 0.529755, 0 )
mesh = SubResource( 3 )
material/0 = SubResource( 4 )

[node name="DirectionalLight" type="DirectionalLight" parent="."]
transform = Transform( 1, 0, 0, 0, -0.707107, 0.707107, 0, -0.707107, -0.707107, 0, 0, 0 )
light_color = Color( 1, 0.972549, 0.854902, 1 )
shadow_enabled = true

[node name="Camera" type="Camera" parent="."]
transform = Transform( -0.707107, -0.118629, 0.697085, 0, 0.985827, 0.167767, -0.707107, 0.118629, -0.697085, 1.567, 0.948, -1.609 )
script = ExtResource( 1 )

[node name="PostProcessingQuad" type="MeshInstance" parent="Camera"]
transform = Transform( -0.707107, 0, -0.707107, -0.118629, 0.985827, 0.118629, 0.697085, 0.167767, -0.697085, -0.0296985, -0.557798, -2.37298 )
extra_cull_margin = 16384.0
mesh = SubResource( 5 )
material/0 = SubResource( 6 )

[node name="AnimationPlayer" type="AnimationPlayer" parent="."]
autoplay = "bounce"
anims/bounce = SubResource( 7 )
